4.43780487198282, -6.313955663937556, 9.063089066180275, 12.467655823871697, 0.4276423493454167, 0.6711226884830569, -9.554134310261533, -3.0491882256321707, 5.182636490991376
6.027312491769179, 8.676571521252358, -2.2695551995589063, -5.091323031886655, 1.848009246531562, 8.666141582234, 1.8108850489682213, -0.5260490253112232, -2.353321901506326
-2.1568332530604977, -0.15409186919963785, 3.235365939656144, 3.3454179394318553, -6.1993186899051524, -3.0496965967486505, 3.540977310449005, -4.017436600584191, 0.5387237741710306
-3.337375419039368, 2.9773946839482233, 8.320437524684548, -0.5381174709838812, -1.4410887723140684, 1.5037020150273857, -2.828457720964619, 3.239191337534077, 4.590174771224463
0.08861446238800252, -5.475665142775822, 2.3797536955425374, -3.1856810185479336, -0.6538306057798449, -4.082614837079793, 2.976628195425358, 10.704620236469157, 3.7281513910286885
0.046796350156904754, -0.2793845486285631, 5.919982366328702, 2.0204815693915927, 0.6151578471123684, -2.627352532137133, 4.740178886439823, 0.9033390100381644, -6.12767849225102
-5.350724740216513, -10.357178490471346, -4.33168739781151, 4.192845565596835, 2.471861401486464, 2.6048775999742557, -3.2844588717450374, 1.5642654378239822, 5.069180816241803
-8.345330737942733, -2.1050881711627882, 3.2516670862441894, 2.7500945056008663, -6.84509190694264, -6.319761492226837, 2.402191527326859, 1.645819759214581, 1.1072375670085073
-0.9116115399317954, -0.5605526659182765, 3.9112704952982305, -5.050058662480956, 3.1213911465137194, 6.792181813804023, 1.8219160905666316, -0.3098956257944275, -0.6578299412147978
-10.090347194972667, -5.823957652141505, 4.462689677940218, -9.93742672299628, 2.8575569137238355, 1.183112106084331, 3.683695877643949, 3.7571959471804384, 8.612654826939286
-0.6166690514277873, -0.8699918359964265, 0.5632494934525176, 0.14035946629255913, 2.0609411867507514, -4.499706485276221, 0.03257244062046816, 3.9627876116874803, 1.5276303507446034
4.518089120019636, -2.756629600552923, -1.4473160721401794, 5.521060574537542, -5.0787479631636545, 12.011625964172747, 7.4397367104756436, 5.780469555106136, 3.8194259978613614
-0.7557010982745672, 4.595739713506198, -1.9755499239541385, 5.866191737883483, 1.037642605070256, -2.115659126411536, -0.7454434418863322, 4.411299495021967, 0.25011334402876806
-2.878371458229674, 1.141365603106838, 3.0057511836782567, 0.9446276079742206, -6.187935447571294, 5.964122041634473, 0.8748079854582764, -6.256690957754452, 3.483753104795584
8.907570166450991, 1.0548132294131873, -5.967689499102608, -5.836866457543738, 4.238309269120704, -1.9533844508358986, -2.027426295835954, -1.3407593740837915, -5.279666886510815
-3.2456179589169767, -4.390973658546791, 0.025972989050789208, 2.9158706153686675, 8.279397226360823, -2.2509588798314777, -4.103816254107794, -11.359974015405848, 0.47560931396614403
4.971061219252004, 3.623768716228349, 4.3019804648571975, 9.34080239342265, 1.433624679204459, 4.540439030914028, 0.29201533286206455, -12.529667469583597, -0.7280316814700862
-3.376073303984567, 2.6835971812379356, -1.2580032253226456, -0.6917104990183649, 2.5264034742047756, 2.6943220029267865, 3.2093832704278036, -1.0174448422176712, 0.3332113917029631
-2.0572452613790437, -1.535775865171363, -6.010205008420117, -2.0699792664427985, -0.9702229636051165, 1.4991643800791252, -2.6571138115754693, 1.8086245289149183, 3.5958993374583157

