-0.22293140865894445, 0.13803312235694337, 0.22529984153518226, -0.8143073461396404, -0.9554534820961824, -1.6772646384418894, -0.33021819884588927, -0.11007954283267689, 1.204980404546882
0.21061661160825018, -0.023754019713085852, 1.5120343214871257, -3.0713865857471965, -1.6326835044355188, 1.5547303400023595, -0.21900089254167426, -0.8438842104034661, 0.9921836239869216
1.3405134126762224, 1.4037342245890807, -1.586512066925775, 0.0964254056669873, 1.5830162104665335, 0.7853799734427013, -0.18762097179195258, 0.4735039582846201, -1.193506964162125
-1.2252874775743166, -0.9140777834810943, -0.3900129838987442, 0.2365217940718942, 0.6410674821806073, 0.40937026676909954, 0.7097656195022852, -0.39460921378474884, 1.2714691309983075
-0.7822877430557811, 1.43764342180218, 0.7596013840775083, 0.31636232640839207, -1.2113500853930743, 0.19042872887940743, 0.5321858660402777, 2.433326696586107, -0.07037902386875575
0.4843788879400906, -1.4729503829939619, -0.2977341724427774, -0.8489974472292489, -2.027455756797774, 0.8347033123566853, -1.7100216821108227, 1.0508463969513924, 1.1657614738438524
0.2781407776752989, -1.5377265614783182, 0.67360188443688, -0.3114715011799822, -1.2219605157814837, 0.832847315003822, -0.2490827522589466, -1.155771390579379, 1.7423042488691682
-2.4570981797152447, 0.6626625317568083, 1.200759013931539, 0.04580951418946886, 1.3204059502198549, 1.5058043681686266, 1.3674663570477423, 0.20820317034063285, 0.0063042872296592695
-0.7666477193834691, -0.27193138396030614, -1.038990612979285, 0.09294299202829646, 0.6388821713174643, -0.4968382705855335, -0.41983034807600084, 0.38631301693061404, -1.4388151774980953
-0.02253253729699264, -0.0352104336807153, 1.5736585562246381, 0.07592239761926776, -0.06763904358424427, 0.44834729486482655, 0.9917995667597045, -0.4658811613603013, -1.26788393868872
-1.206063165191461, -1.8079574887351908, 1.6968791641404701, 0.7703074665041227, -1.3442843698566165, 2.1402378331128538, 0.7242014409833832, -1.0763249429626813, 0.22413569496466829
-0.32790549400072105, -0.3074966017855458, -0.554497207541125, 0.2912618444299938, 1.7777590956600777, 0.22445560303537254, 0.4345895860331043, -0.5977274837718045, 1.5928375781096609
0.539358647609762, -1.1539276957381124, -0.18077448608810398, 0.20214987841665497, 0.9408511513887122, 0.3353750995122209, -0.24604745233227354, -0.7905170445591714, 0.3589988353240786
0.2778113043882074, -0.04507472292976333, 0.32172344877720455, 1.1790611626107053, 2.0080048738621774, -0.5306209050194238, -0.5711912044735012, 1.4008854178765184, -0.7743118926740089
-0.41350105944340515, -1.2239803623703198, -0.19549146182080845, -0.11369694776830147, 0.5598635104164598, -0.5349527346533893, -0.007366899854698183, 0.6800480444894322, -0.8835819356470096
-1.251044456080692, 1.2240365595233262, 0.13415759575316402, 0.6210234023823348, -1.2561124676786377, 0.5671347455647816, 0.5897172641752271, 0.5101262226702451, 0.2282566052119655
-0.45334996219550416, -1.1182296878703377, -1.0970491697362723, -0.46209302947757674, 1.1237774036755357, -2.3695230861128724, 0.3945239285766484, 0.1424419180759863, -0.5141402630021873
-0.2214434822852716, 1.661867155630058, 1.2706757712338383, 0.020998829206467347, 0.1267395031517592, 0.4272541181818408, -0.39358410533528737, -0.023473275340550815, 1.1092108485348362

