0.9542872078159245, 0.11906130995724111, 0.5233979780127889, 1.1501789126622468, -1.141396494574917, -0.49796911494038093, -0.4356562557093714, 0.5689015805551131, 0.15128352723207017
1.1119076363937102, 0.9501897147148703, 0.89449848853786, 0.42229129562606477, 0.07808389614027596, 0.15661100121561222, 1.1299757700240824, 0.7632409372909792, -0.808170079481246
1.4366453892347135, 1.389063811019908, -1.1853067175081833, 0.8081141590836081, -2.1108497332616873, 0.9474610436571766, 2.05325060230508, -1.5438744743407544, -0.766796383187325
-0.11642406599700034, -1.125335262216707, -0.3614360516105737, 1.3585988337719033, 0.36066879533456886, -0.05545379595266023, -0.3836065963325254, 0.7818195564040673, -0.8007333739300653
1.4697815797591949, 1.9180285045643342, -0.8128074576998744, 2.802101721069457, 1.809486347583639, -0.8449338224256264, 0.11234933756947756, -2.043894921560271, 0.7556480689423555
-0.7679831012074039, 0.912803166723646, -0.020150840608406162, 0.048026396962263455, -1.1550492289221959, 1.6369295792860938, -0.4347575476242378, -1.1000264028173146, 0.6315252128370349
-0.40246969258813925, -0.832407649243172, 0.8629622821070535, 2.0324620009919356, 0.5769548219214504, 1.7522295518739364, -2.50442845740167, 0.7643040558634497, -0.1005623818513469
-1.391075954819053, -0.04517451445769096, 0.17337726868859554, 3.0548109949425397, -1.4077245240440321, -1.308887721610881, -0.2946438408877484, 1.0714235353772044, -0.66912234472896
1.6118300789274151, -0.3825443052956804, -0.7852539574079259, 1.1152341586622532, 0.6640536146555078, 0.3829410645926017, -2.034211094900638, 2.007892278216284, -1.2372599164888172
0.4839392326070616, 0.5774468298769517, -0.9578522045932564, -0.8620344454461003, 0.007400961219010218, -2.0696804307146857, 1.2244833931536039, -0.47231876327003647, -0.6485405001020612
-1.4441448049752967, -0.11335195690310189, -0.36821018109396575, -1.1065385096222191, -0.846875341357494, 1.4752085382489986, -1.1530503673842112, -0.16561722865295442, 0.25078320314684466
-0.6046244655426527, -0.903044154949444, 1.2678570221462193, -0.11009302141682734, -0.8759496351428958, 1.2087732140222394, 0.5356939675194428, -0.3770480090719012, -0.34072703570297
-0.01107974286593618, 0.42506998276927, 0.12853727476529106, -0.24068780424394345, -0.06608006014085747, 0.9585313722648611, -0.6644063516661906, -1.080856217604288, -1.9259902987284256
0.122289585897194, 0.7754801444436101, -0.7423172710271274, -0.9225234876740905, -0.0026253212821418363, -0.4397670244953228, 2.380425462387883, -1.562309486859185, -1.4694551246553402
0.9516521566624598, 0.20098416447939188, -0.14938912205859317, 2.1573375006019613, 1.190739538177489, 1.1977283421316747, 1.0418285045787672, -0.8937132811462652, -1.1821254291777241
1.7776111599637383, 0.7498941102207434, -1.3919844795451062, 2.6606797115825445, -0.9083053011275141, -0.179484844256089, -1.6542323300520596, 0.8965609189083631, -0.23380514083100254
1.283062497836977, 0.2424624964835738, 0.6852337684889068, 0.5690633256904435, -0.0626509805747422, 0.8684808390603883, 0.5033831366612321, 1.0311822715151693, 1.1894404230234685
0.22162912664938172, -0.23599330463996196, -0.22752960517290485, 1.300910603682713, -0.8551773731370897, 1.4179256764950983, 0.8798687761891273, -3.613839613556308, -1.60700937873224

