1.7162952987811588, 2.91812618631977, 7.749555149893279, -4.753422117538181, 4.5305166658630895, 1.7610186801764527, 2.8096788658100604, -0.6698451281957887, 1.7145882911525583
-5.41062830195558, 8.533057145228895, 4.420380117665616, -2.2521296687685015, -5.011703160504485, -4.9390479437491885, 2.2218183961239735, -6.765701670018947, -9.579813784707628
-0.23996869948999322, 2.0103573055644177, 1.266867939068829, -0.5219108767148799, 5.239891926989928, 0.654441151632279, -0.17974762878606465, -9.50709433716963, 0.7932036148312707
2.0678897256051085, -3.0880959012471374, -3.5099413087267384, -1.4159256989276434, -2.434520667612548, 8.491795762277597, -0.8655261731888687, 0.946851035094697, -0.7772367074828896
4.283338507933065, 1.2279259863407948, -2.5674229777289383, -6.340235805671719, -3.8923210423715533, -3.3420126958679828, -0.20410623468188133, -1.9797393546664113, 12.712403532831079
0.8198659040362717, -2.719337830247606, 0.407629089164151, 6.940885541023863, -3.959533114097456, -1.580224731684009, 2.4779164071712607, 10.819498199924839, 1.1057708047129229
3.981627539158244, 4.466424795498135, -1.564440729954272, 3.0022373499818147, -0.24013258717291808, 0.14204986634323968, -8.233332540676082, 2.35722497143799, -0.2928673733359839
-2.0051787209379768, 3.5133358350352597, 0.12435073358035875, -3.288619036920089, 0.3391944205677857, -0.056665561159014555, -1.293316345584448, 0.030170339574785987, 1.4151160769243223
-3.0258577313440953, 0.49907878298807296, 0.026578512743749005, -6.25465337600624, 3.676528021003177, -0.13634427312891628, -10.430926743336585, 4.880862508601303, -11.025338606847171

