0.45564586501731785, -0.8252711970131702, 1.3303363409724862, -0.39670390963017027, -0.035971725378059226, -0.8679817665672473, 0.6386394309518327, -0.824819695139169, 0.3396238242428902
0.7661688873762704, -0.295603092450514, -0.2827900498547832, -0.3479652847226, -1.570439390903655, -0.09447095327418319, -0.4876239282883682, 1.9177902769526118, -0.975599708075409
-1.0568377040671668, 0.6803952178257913, -1.2146341593957863, -1.204632631473304, -0.014892569784028802, -0.3259247715496111, 1.7861076545557955, -0.4768690009702563, 0.32563436335241824
-0.09976880192778517, 1.0622966044206765, -2.064259779302599, -2.300473084508501, 0.1539484146910103, 0.3268298890753528, -0.07411424190725253, -0.7360054269911527, 1.1118114735772981
-1.2710135881427516, 0.5135944840517269, -0.758282047836767, 0.9298169294544952, 0.36256012751419525, -0.8981931495626655, -0.026632211180499212, 0.6218468028322827, -1.1332354456138338
-1.040656541827645, -1.0442200700912434, -0.05193121377836939, 2.319468564156646, 0.8307762901113077, -2.6823057291475894, -0.15989785806814086, 0.4455715359721604, -1.5343967514928742
0.3263343079950792, -0.09978451233840788, 0.6977805860629351, -0.5707725114640082, -0.8198959148342421, 0.14092639220509032, 0.47576608845080426, 0.4897056699709827, 0.6911266740254821
0.32597986817854413, -0.16597308273073905, -1.210692304813462, -0.5871190004503491, 1.5909310275775055, -0.42671843399439024, 0.6209212862005062, -0.4933819750418595, -0.12046130300425126
0.653673032661627, -0.6681347662050078, -0.0681748571837034, 0.15234279862806555, -0.47900940200009196, -1.4233984921954008, -0.3293191166727311, -1.0153506011525133, 0.14967192766639165

