-0.7837952514778581, 0.48227755591953253, 0.9880026376152836, -1.4879538519615254, -0.44939588005809167, 0.4024309295143216, 1.8819061114212443, 1.0536348388854526, -0.2527418425072408
-1.0445860127174866, -0.702179290552146, -0.2572066027065156, -0.6487093295206265, -0.8764206673057385, -0.393215948629065, -0.7078793374603536, 0.5032179634876577, -0.2980537462214217
-2.1444310570968033, -0.10422413814647648, -1.3395252483307136, 0.5511193388389791, 1.8941752315180531, -2.2317146289299594, -1.6948024539364166, 2.1097871949086198, 0.39945908987632667
0.8734251223663508, 0.4778131701407268, -0.7969073585689344, -0.04513890906654816, 1.1572784683323871, 0.33345608075186145, -0.1858459590685176, -0.26445319799218087, 0.1470579396627693
0.2785918798012452, 0.253119809277099, -1.1114728583464293, -0.5536127117894458, 0.3032544234748786, 0.06826049201265032, -0.7577160397922146, -0.19274482657480396, -1.7082961331247604
0.8654845945537802, -0.17567941878947652, 0.7942116828687308, -0.7311895159110425, 0.6765347445527229, -1.9123669417794271, -1.1559739657918695, 0.45764755142850666, 0.09511500347454595
0.04902138332949601, -1.0543924291431734, -1.5122987285279588, -2.2759855873664945, 1.3030732163988161, -0.4301138600722749, -0.6753007558766391, 0.4749173615910953, -1.6144683665875903
-0.6904110566761652, 0.3431479536742655, -0.25474832887321874, -1.374558378263556, 1.152926160347421, 0.34957106366036933, 0.9419478375726994, -0.4847626690350977, 0.7320147089365534
-0.9424566518104047, -0.5097672579678192, -0.4904602547818579, -2.047554696812859, 0.26956390720870255, -1.049146967713944, -0.5515799496944965, -2.301885228569157, 0.5687767267948135

